==> t/13/celu.txt <==
3.3134003
3.2800229
3.2577052
3.240949
3.2273295
3.2155187
3.2049952
3.1955805
3.1872091
3.179743
3.1733234
3.16822
3.1644778
3.162221
3.1615157
3.1623647
3.164809
3.1687965
3.1743536
3.1814036
3.18989
3.1996772
3.2104096
3.2221487
3.2345605
3.2475383
3.260848
3.2744799
3.2882829
3.3020906
3.3158543
3.3295248
3.3430076
3.356252
3.3693051
3.3822024
3.3947356
3.4070823
3.4191823
3.4310143
3.4424665
3.4537404
3.46478
3.4755352
3.486158
3.4964187
3.5065026
3.5163972
3.5261617
3.5355692
3.5448363
3.55408
3.5629306
3.5717647
3.5803292
3.5887704
3.597034
3.6051867
3.613187
3.6209931
3.6287262
3.636262
3.6437342
3.6510491
3.6582808
3.6653163
3.672285
3.6790767
3.6858876
3.692514
3.6990492
3.7054362
3.7118514
3.7180836
3.7242053
3.7302718
3.7362113
3.7421498
3.7479448
3.753685
3.759309
3.764841
3.7704115
3.775817
3.7812397
3.7864895
3.7917018
3.796948

==> t/13/gelu.txt <==
3.2556162
3.2542243
3.2527509
3.2510657
3.2490458
3.2465816
3.2436223
3.2402475
3.2366352
3.2329674
3.2293866
3.2259474
3.2228115
3.2201326
3.2181377
3.216919
3.216454
3.2166646
3.217538
3.2190855
3.2215269
3.2277305
3.7063773
3.3715718
3.3659306
3.4430094
3.585141
3.4733586
3.4248247
3.5934923
3.642734
3.5564122
3.7632577
3.6773708
3.7918508
3.708234
3.7598946
3.8387263
3.6369278
3.9318886
3.6726394
3.92663
3.6291597
3.521961
3.546345
3.5735486
3.597072
3.6179018
3.6360052
3.6521976
3.6671348
3.6808228
3.693179
3.7048652
3.7158945
3.7261124
3.7358925
3.7452302
3.7539074
3.7625003
3.770634
3.7786422
3.786238
3.7934282
3.8005323
3.807514
3.8141022
3.8203082
3.8265533
3.8324273
3.8382885
3.8440332
3.8498003
3.8551586
3.8602564
3.865495
3.8705134
3.8756404
3.8804603
3.8854885
3.8899608
3.8945236
3.8989668
3.903471
3.9076226
3.911889
3.9159024
3.920101

==> t/13/relu6.txt <==
3.2574527
3.2535915
3.251541
3.2498553
3.2493317
3.2483027
3.2474127
3.246613
3.2452004
3.2426734
3.2415218
3.2404757
3.2396953
3.2397208
3.2404304
3.2413034
3.2405393
3.238804
3.2374055
3.23741
3.2373793
3.238435
3.2406504
3.2423222
3.2479877
3.2494626
3.2486403
3.2527995
3.2654955
3.2969036
3.4303784
3.3274906
3.3203278
3.3581297
3.3621843
3.3170273
3.338385
3.5647697
3.5433066
3.3700585
3.7111123
3.7089584
3.6035056
3.5467312
3.6700764
3.6864989
3.5956278
3.5955846
3.6429343
3.748003
3.5301564
3.752909
3.6907094
3.7854428
3.7041745
3.4764931
3.4685442
3.4813056
3.4917748
3.50084
3.509679
3.5183449
3.5264027
3.5337603
3.5414262
3.5489063
3.5556016
3.5631866
3.570567
3.5777326
3.5843165
3.5906503
3.596371
3.6021821
3.6078172
3.613255
3.6191936
3.6251526
3.6308272
3.6363103
3.6418662
3.6465595
3.651668
3.656964
3.662013
3.6674714
3.6725852
3.677586

==> t/13/relu.txt <==
3.2575097
3.2540333
3.2524693
3.2509387
3.2493875
3.2484298
3.2470648
3.2449996
3.2441032
3.2431014
3.2428226
3.2433193
3.2420561
3.2404182
3.2396047
3.2396376
3.240417
3.2391415
3.2382777
3.2365012
3.2371054
3.2378483
3.2386146
3.237032
3.2365096
3.238265
3.2484953
3.2782698
3.278894
3.285721
3.3689137
3.4987535
3.4045758
3.3765836
3.4277081
3.35886
3.781569
3.4456868
3.538975
3.5579362
3.4593275
3.8791125
3.5806675
3.534694
3.4502418
3.866729
3.831674
4.1639977
4.0565076
3.5144644
4.1761384
3.921657
4.225206
3.4642107
3.5326478
3.5737865
3.6039312
3.6273048
3.6476703
3.6643026
3.6795523
3.6946528
3.7091327
3.7225175
3.7360291
3.7488916
3.761657
3.7740529
3.7863085
3.7980623
3.8096614
3.8210382
3.8319983
3.842574
3.8531237
3.863255
3.873399
3.883219
3.893151
3.9021864
3.9115064
3.920686
3.9293938
3.9384859
3.946947
3.9557333
3.964072
3.9730828

==> t/13/selu.txt <==
3.7193716
3.594124
3.5601525
3.509789
3.4956112
3.491181
3.4917197
3.4947605
3.4981704
3.501876
3.5058498
3.5103948
3.5154426
3.520772
3.5262597
3.5317314
3.53709
3.5426147
3.5479174
3.553358
3.5586624
3.5639217
3.5688326
3.5736766
3.578197
3.5824163
3.5866058
3.590656
3.594696
3.5985074
3.6023629
3.6062198
3.6098723
3.6135905
3.6171987
3.620682
3.6240995
3.627399
3.630644
3.6338923
3.6370237
3.6401641
3.643295
3.6464057
3.6494462
3.6524699
3.6553636
3.658364
3.661258
3.664209
3.667007
3.6698024
3.6724474
3.6752064
3.6778638
3.680547
3.6831334
3.6857328
3.6883783
3.6908364
3.6932535
3.69572
3.6979702
3.7002985
3.7025592
3.7048109
3.7070916
3.7092912
3.7113779
3.7134798
3.7155788
3.7176514
3.7197287
3.7217035
3.723685
3.7257266
3.7277176
3.7297194
3.7315798
3.7335496
3.735357
3.7373302
3.7392128
3.7410579
3.7428064
3.744676
3.746537
3.7483025
