==> t/16/out_feat_16.txt <==
3.2481754
2.9859812
2.7527463
2.6552718
2.5737073
2.5018847
2.4545665
2.4188154
2.3960655
2.381622
2.3718193
2.3646505
2.3593185
2.3551297
2.3518589
2.3493075
2.3472478
2.3455074
2.3440495
2.342711
2.3415735
2.3405588
2.3396666
2.33893
2.338226
2.3376253
2.3369718
2.3364975
2.336026
2.3356473
2.3351867
2.3348064
2.3344812
2.334151
2.333847
2.3335426
2.3333035
2.3330467

==> t/16/out_feat_1.txt <==
3.248921
3.231001
3.2083766
3.1753864
3.1193879
3.018709
2.8867445
2.8088405
2.7684772
2.7353375
2.700516
2.6604602
2.6129057
2.5590584
2.5013404
2.4454753
2.4045594
2.3806646
2.3673472
2.3594303
2.354061
2.3501785
2.3472507
2.3449674
2.3431087
2.3415945
2.3403146
2.339238
2.3383205
2.3375375
2.336874
2.336308
2.335822
2.3354337
2.3351133
2.3348587
2.3346555
2.334496

==> t/16/out_feat_32.txt <==

==> t/16/out_feat_4.txt <==
3.2566605
3.2470086
3.2351456
3.2157686
3.1642163
2.9077203
2.7696855
2.7136915
2.6531937
2.5998027
2.5513382
2.4934645
2.437093
2.4003263
2.380392
2.3688202
2.3612676
2.3558662
2.351816
2.3487182
2.3463047
2.3443768
2.3428097
2.3415298
2.3404284
2.339526
2.338745
2.3380582
2.3374372
2.3369567
2.3364697
2.3360431
2.3356502
2.3352687
2.3349433
2.3346105
2.3342628
2.3339763

==> t/16/out_feat_8.txt <==
3.224055
2.8245091
2.7388542
2.6687806
2.61687
2.5715063
2.5184145
2.4595544
2.4181535
2.3945644
2.3798606
2.3701315
2.3634293
2.3584747
2.3546512
2.3516033
2.3491611
2.347178
2.3455112
2.3440897
2.3428512
2.3417928
2.3408325
2.3399627
2.3391514
2.3384774
2.3377857
2.337218
2.3367083
2.336208
2.335793
2.3353736
2.334955
2.3345408
2.3342316
2.3338716
2.3335686
2.333255
