==> ln_0.01.txt <==
	0.02
3.673872
3.5609598
3.603218
3.4511867
3.4551718
3.4637053
3.4742117
3.4849389
3.4954998
3.5053444
3.5150506
3.524274
3.5335932
3.5421946
3.550608
3.558591
3.566324
3.573866
3.5811794
3.5880113
3.5949042
3.601409
3.6075377
3.6133566
3.6191645
3.6246557
3.6301732
3.6354325
3.6404889
3.645399
3.6501071
3.6547449
3.6592052
3.6634407
3.6677663
3.671922
3.6759338
3.679839
3.6837199
3.6874914
3.6911354
3.6946821
3.6982398
3.7016807
3.705053
3.7082725
3.7115846
3.7147388
3.717914
3.7209291

==> ln_0.02.txt <==
	0.02
3.673872
3.5609598
3.603218
3.4511867
3.4551718
3.4637053
3.4742117
3.4849389
3.4954998
3.5053444
3.5150506
3.524274
3.5335932
3.5421946
3.550608
3.558591
3.566324
3.573866
3.5811794
3.5880113
3.5949042
3.601409
3.6075377
3.6133566
3.6191645
3.6246557
3.6301732
3.6354325
3.6404889
3.645399
3.6501071
3.6547449
3.6592052
3.6634407
3.6677663
3.671922
3.6759338
3.679839
3.6837199
3.6874914
3.6911354
3.6946821
3.6982398
3.7016807
3.705053
3.7082725
3.7115846
3.7147388
3.717914
3.7209291

==> ln_0.03.txt <==
	0.03
3.6664147
3.5687547
3.7041216
3.420853
3.4343102
3.4484782
3.46163
3.4745014
3.487509
3.4992473
3.5106878
3.5215356
3.53184
3.5415442
3.5510406
3.5602508
3.5689602
3.5771773
3.5852537
3.5928123
3.600141
3.6072567
3.6140692
3.6208093
3.627111
3.6331453
3.6390684
3.6447167
3.6501446
3.6553695
3.6604552
3.6654499
3.6702487
3.6749632
3.6795037
3.6837714
3.6881387
3.6923592
3.696477
3.700596
3.704446
3.7083051
3.7120762
3.715716
3.7194235
3.7229896
3.7266104
3.7300901
3.7336245
3.7368813

==> ln_0.04.txt <==
	0.04
3.6857631
3.6400514
3.6954064
3.4531116
3.4818466
3.5018504
3.5195
3.5356903
3.5508602
3.5648308
3.5778463
3.5900297
3.6015139
3.61244
3.6225455
3.6321576
3.641005
3.6494565
3.6573148
3.6650555
3.6724124
3.67968
3.6866977
3.6933684
3.699724
3.7059736
3.7120097
3.7177603
3.7233276
3.728757
3.7340415
3.73907
3.7439675
3.748691
3.753457
3.7580616
3.7626436
3.7671018
3.771374
3.775639
3.7797613
3.7837763
3.7876897
3.791429
3.7951505
3.7989328
3.8024154
3.805948
3.8094144
3.812753

==> ln_0.06.txt <==
	0.06
3.7798243
4.030151
3.989364
3.6742556
3.6206584
3.6393328
3.6578994
3.6755648
3.6915941
3.7066994
3.7203276
3.7328062
3.7445533
3.7556853
3.766266
3.7762094
3.7854903
3.7944608
3.80295
3.8110898
3.8189921
3.826736
3.8341172
3.8412828
3.8482854
3.85497
3.8616133
3.8679922
3.8742993
3.8804705
3.8863852
3.89225
3.8977826
3.9032524
3.9085293
3.9135695
3.9185696
3.923516
3.9283013
3.9328876
3.9374626
3.941981
3.9463646
3.9506497
3.9549804
3.9590738
3.9631853
3.9671054
3.9711258
3.9749339
